   4.5100000e+02   9.0585496e-02
   4.5200000e+02   9.0776873e-02
   4.5300000e+02   9.1112038e-02
   4.5400000e+02   9.1379816e-02
   4.5500000e+02   9.1224827e-02
   4.5600000e+02   9.1468516e-02
   4.5700000e+02   9.1711605e-02
   4.5800000e+02   9.1830642e-02
   4.5900000e+02   9.1264269e-02
   4.6000000e+02   9.1059438e-02
   4.6100000e+02   9.1155090e-02
   4.6200000e+02   9.1320173e-02
   4.6300000e+02   9.1179519e-02
   4.6400000e+02   9.0946943e-02
   4.6500000e+02   9.0775809e-02
   4.6600000e+02   9.0639395e-02
   4.6700000e+02   9.0678635e-02
   4.6800000e+02   9.0904204e-02
   4.6900000e+02   9.0598396e-02
   4.7000000e+02   9.0407687e-02
   4.7100000e+02   9.0299733e-02
   4.7200000e+02   9.0234037e-02
   4.7300000e+02   9.0211860e-02
   4.7400000e+02   9.0204573e-02
   4.7500000e+02   9.0200095e-02
   4.7600000e+02   9.0467472e-02
   4.7700000e+02   9.0593174e-02
   4.7800000e+02   9.0552681e-02
   4.7900000e+02   9.0503795e-02
   4.8000000e+02   9.0657071e-02
   4.8100000e+02   9.0874618e-02
   4.8200000e+02   9.0944844e-02
   4.8300000e+02   9.0878627e-02
   4.8400000e+02   9.0848417e-02
   4.8500000e+02   9.0930367e-02
   4.8600000e+02   9.1044277e-02
   4.8700000e+02   9.1142578e-02
   4.8800000e+02   9.1258562e-02
   4.8900000e+02   9.1654359e-02
   4.9000000e+02   9.1851013e-02
   4.9100000e+02   9.2008655e-02
   4.9200000e+02   9.2321989e-02
   4.9300000e+02   9.2589027e-02
   4.9400000e+02   9.2879811e-02
   4.9500000e+02   9.3219367e-02
   4.9600000e+02   9.3747951e-02
   4.9700000e+02   9.4203712e-02
   4.9800000e+02   9.4620286e-02
   4.9900000e+02   9.5180641e-02
   5.0000000e+02   9.5906385e-02
   5.0100000e+02   9.6738561e-02
   5.0200000e+02   9.7680635e-02
   5.0300000e+02   9.8655734e-02
   5.0400000e+02   9.9708297e-02
   5.0500000e+02   1.0085848e-01
   5.0600000e+02   1.0225603e-01
   5.0700000e+02   1.0384253e-01
   5.0800000e+02   1.0557091e-01
   5.0900000e+02   1.0737183e-01
   5.1000000e+02   1.0941141e-01
   5.1100000e+02   1.1163029e-01
   5.1200000e+02   1.1409409e-01
   5.1300000e+02   1.1690094e-01
   5.1400000e+02   1.1981442e-01
   5.1500000e+02   1.2280445e-01
   5.1600000e+02   1.2610600e-01
   5.1700000e+02   1.2960189e-01
   5.1800000e+02   1.3324907e-01
   5.1900000e+02   1.3709990e-01
   5.2000000e+02   1.4105747e-01
   5.2100000e+02   1.4504638e-01
   5.2200000e+02   1.4908634e-01
   5.2300000e+02   1.5313138e-01
   5.2400000e+02   1.5711790e-01
   5.2500000e+02   1.6104193e-01
   5.2600000e+02   1.6480501e-01
   5.2700000e+02   1.6834373e-01
   5.2800000e+02   1.7166941e-01
   5.2900000e+02   1.7474916e-01
   5.3000000e+02   1.7760920e-01
   5.3100000e+02   1.8028147e-01
   5.3200000e+02   1.8275508e-01
   5.3300000e+02   1.8480102e-01
   5.3400000e+02   1.8660440e-01
   5.3500000e+02   1.8819496e-01
   5.3600000e+02   1.8962817e-01
   5.3700000e+02   1.9083412e-01
   5.3800000e+02   1.9186058e-01
   5.3900000e+02   1.9275620e-01
   5.4000000e+02   1.9352647e-01
   5.4100000e+02   1.9421399e-01
   5.4200000e+02   1.9482674e-01
   5.4300000e+02   1.9539690e-01
   5.4400000e+02   1.9600030e-01
   5.4500000e+02   1.9664651e-01
   5.4600000e+02   1.9714144e-01
   5.4700000e+02   1.9772938e-01
   5.4800000e+02   1.9836127e-01
   5.4900000e+02   1.9891567e-01
   5.5000000e+02   1.9937967e-01
   5.5100000e+02   1.9979494e-01
   5.5200000e+02   2.0017838e-01
   5.5300000e+02   2.0036740e-01
   5.5400000e+02   2.0035306e-01
   5.5500000e+02   2.0012342e-01
   5.5600000e+02   1.9967458e-01
   5.5700000e+02   1.9900659e-01
   5.5800000e+02   1.9815019e-01
   5.5900000e+02   1.9708256e-01
   5.6000000e+02   1.9577057e-01
   5.6100000e+02   1.9431900e-01
   5.6200000e+02   1.9273912e-01
   5.6300000e+02   1.9086086e-01
   5.6400000e+02   1.8884014e-01
   5.6500000e+02   1.8668893e-01
   5.6600000e+02   1.8416871e-01
   5.6700000e+02   1.8156724e-01
   5.6800000e+02   1.7888063e-01
   5.6900000e+02   1.7602327e-01
   5.7000000e+02   1.7314970e-01
   5.7100000e+02   1.7027897e-01
   5.7200000e+02   1.6740988e-01
   5.7300000e+02   1.6460985e-01
   5.7400000e+02   1.6191063e-01
   5.7500000e+02   1.5932435e-01
   5.7600000e+02   1.5697473e-01
   5.7700000e+02   1.5469855e-01
   5.7800000e+02   1.5249413e-01
   5.7900000e+02   1.5037833e-01
   5.8000000e+02   1.4844331e-01
   5.8100000e+02   1.4661550e-01
   5.8200000e+02   1.4485602e-01
   5.8300000e+02   1.4319400e-01
   5.8400000e+02   1.4164125e-01
   5.8500000e+02   1.4021199e-01
   5.8600000e+02   1.3880304e-01
   5.8700000e+02   1.3747052e-01
   5.8800000e+02   1.3622171e-01
   5.8900000e+02   1.3511485e-01
   5.9000000e+02   1.3402463e-01
   5.9100000e+02   1.3299616e-01
   5.9200000e+02   1.3212595e-01
   5.9300000e+02   1.3133403e-01
   5.9400000e+02   1.3064106e-01
   5.9500000e+02   1.3007286e-01
   5.9600000e+02   1.2949961e-01
   5.9700000e+02   1.2895716e-01
   5.9800000e+02   1.2843564e-01
   5.9900000e+02   1.2789039e-01
   6.0000000e+02   1.2738463e-01
   6.0100000e+02   1.2687407e-01
   6.0200000e+02   1.2629393e-01
   6.0300000e+02   1.2569480e-01
   6.0400000e+02   1.2505249e-01
   6.0500000e+02   1.2435424e-01
   6.0600000e+02   1.2349571e-01
   6.0700000e+02   1.2255965e-01
   6.0800000e+02   1.2155746e-01
   6.0900000e+02   1.2050096e-01
   6.1000000e+02   1.1945772e-01
   6.1100000e+02   1.1841968e-01
   6.1200000e+02   1.1736305e-01
   6.1300000e+02   1.1628445e-01
   6.1400000e+02   1.1522921e-01
   6.1500000e+02   1.1421782e-01
   6.1600000e+02   1.1329529e-01
   6.1700000e+02   1.1239311e-01
   6.1800000e+02   1.1150448e-01
   6.1900000e+02   1.1064799e-01
   6.2000000e+02   1.0982741e-01
   6.2100000e+02   1.0907262e-01
   6.2200000e+02   1.0851584e-01
   6.2300000e+02   1.0800073e-01
   6.2400000e+02   1.0755134e-01
   6.2500000e+02   1.0720190e-01
   6.2600000e+02   1.0692759e-01
   6.2700000e+02   1.0667120e-01
   6.2800000e+02   1.0643142e-01
   6.2900000e+02   1.0626213e-01
   6.3000000e+02   1.0605073e-01
   6.3100000e+02   1.0577951e-01
   6.3200000e+02   1.0536039e-01
   6.3300000e+02   1.0487823e-01
   6.3400000e+02   1.0429994e-01
   6.3500000e+02   1.0356586e-01
   6.3600000e+02   1.0267056e-01
   6.3700000e+02   1.0169244e-01
   6.3800000e+02   1.0063226e-01
   6.3900000e+02   9.9383447e-02
   6.4000000e+02   9.8141129e-02
   6.4100000e+02   9.6905777e-02
   6.4200000e+02   9.5677764e-02
   6.4300000e+02   9.4434903e-02
   6.4400000e+02   9.3207167e-02
   6.4500000e+02   9.2015763e-02
   6.4600000e+02   9.0906438e-02
   6.4700000e+02   8.9890781e-02
   6.4800000e+02   8.8974828e-02
   6.4900000e+02   8.8171865e-02
   6.5000000e+02   8.7464759e-02
   6.5100000e+02   8.6849752e-02
   6.5200000e+02   8.6372439e-02
   6.5300000e+02   8.5825951e-02
   6.5400000e+02   8.5278175e-02
   6.5500000e+02   8.4780752e-02
   6.5600000e+02   8.4158321e-02
   6.5700000e+02   8.3525981e-02
   6.5800000e+02   8.2899423e-02
   6.5900000e+02   8.2140741e-02
   6.6000000e+02   8.1379610e-02
   6.6100000e+02   8.0626971e-02
   6.6200000e+02   7.9924216e-02
   6.6300000e+02   7.9210789e-02
   6.6400000e+02   7.8540171e-02
   6.6500000e+02   7.7978423e-02
   6.6600000e+02   7.7469830e-02
   6.6700000e+02   7.7035962e-02
   6.6800000e+02   7.6687721e-02
   6.6900000e+02   7.6381689e-02
   6.7000000e+02   7.5656245e-02
   6.7100000e+02   7.5463710e-02
   6.7200000e+02   7.5285603e-02
   6.7300000e+02   7.5142108e-02
   6.7400000e+02   7.5041233e-02
   6.7500000e+02   7.5011124e-02
   6.7600000e+02   7.5045395e-02
   6.7700000e+02   7.5108882e-02
   6.7800000e+02   7.5197305e-02
   6.7900000e+02   7.5325211e-02
   6.8000000e+02   7.5579409e-02
   6.8100000e+02   7.5946870e-02
   6.8200000e+02   7.6429941e-02
   6.8300000e+02   7.7050523e-02
   6.8400000e+02   7.7855807e-02
   6.8500000e+02   7.8982869e-02
   6.8600000e+02   8.0533248e-02
   6.8700000e+02   8.2453407e-02
   6.8800000e+02   8.4773799e-02
   6.8900000e+02   8.7966703e-02
   6.9000000e+02   9.1745161e-02
   6.9100000e+02   9.6118199e-02
   6.9200000e+02   1.0139552e-01
   6.9300000e+02   1.0748298e-01
   6.9400000e+02   1.1419860e-01
   6.9500000e+02   1.2165201e-01
   6.9600000e+02   1.2991785e-01
   6.9700000e+02   1.3865795e-01
   6.9800000e+02   1.4785183e-01
   6.9900000e+02   1.5746422e-01
   7.0000000e+02   1.6720643e-01
   7.0100000e+02   1.7706313e-01
   7.0200000e+02   1.8693399e-01
   7.0300000e+02   1.9658365e-01
   7.0400000e+02   2.0614189e-01
   7.0500000e+02   2.1561006e-01
   7.0600000e+02   2.2481910e-01
   7.0700000e+02   2.3389058e-01
   7.0800000e+02   2.4282002e-01
   7.0900000e+02   2.5163471e-01
   7.1000000e+02   2.6042095e-01
   7.1100000e+02   2.6919565e-01
   7.1200000e+02   2.7789293e-01
   7.1300000e+02   2.8657134e-01
   7.1400000e+02   2.9526376e-01
   7.1500000e+02   3.0391360e-01
   7.1600000e+02   3.1247751e-01
   7.1700000e+02   3.2109719e-01
   7.1800000e+02   3.2978329e-01
   7.1900000e+02   3.3824068e-01
   7.2000000e+02   3.4674214e-01
   7.2100000e+02   3.5524036e-01
   7.2200000e+02   3.6346587e-01
   7.2300000e+02   3.7154117e-01
   7.2400000e+02   3.7951070e-01
   7.2500000e+02   3.8728129e-01
   7.2600000e+02   3.9473302e-01
   7.2700000e+02   4.0200859e-01
   7.2800000e+02   4.0908808e-01
   7.2900000e+02   4.1576590e-01
   7.3000000e+02   4.2219657e-01
   7.3100000e+02   4.2840329e-01
   7.3200000e+02   4.3423209e-01
   7.3300000e+02   4.3972260e-01
   7.3400000e+02   4.4499187e-01
   7.3500000e+02   4.4999179e-01
   7.3600000e+02   4.5450633e-01
   7.3700000e+02   4.5880709e-01
   7.3800000e+02   4.6290043e-01
   7.3900000e+02   4.6663313e-01
   7.4000000e+02   4.7002114e-01
   7.4100000e+02   4.7317006e-01
   7.4200000e+02   4.7608994e-01
   7.4300000e+02   4.7870519e-01
   7.4400000e+02   4.8111574e-01
   7.4500000e+02   4.8329219e-01
   7.4600000e+02   4.8517158e-01
   7.4700000e+02   4.8687665e-01
   7.4800000e+02   4.8841908e-01
   7.4900000e+02   4.8980729e-01
   7.5000000e+02   4.9096889e-01
   7.5100000e+02   4.9197441e-01
   7.5200000e+02   4.9281757e-01
   7.5300000e+02   4.9366928e-01
   7.5400000e+02   4.9435883e-01
   7.5500000e+02   4.9481145e-01
   7.5600000e+02   4.9520229e-01
   7.5700000e+02   4.9556641e-01
   7.5800000e+02   4.9589164e-01
   7.5900000e+02   4.9610938e-01
   7.6000000e+02   4.9629668e-01
   7.6100000e+02   4.9644050e-01
   7.6200000e+02   4.9650979e-01
   7.6300000e+02   4.9654364e-01
   7.6400000e+02   4.9650215e-01
   7.6500000e+02   4.9637623e-01
   7.6600000e+02   4.9621143e-01
   7.6700000e+02   4.9603540e-01
   7.6800000e+02   4.9585545e-01
   7.6900000e+02   4.9568805e-01
   7.7000000e+02   4.9556245e-01
   7.7100000e+02   4.9537442e-01
   7.7200000e+02   4.9505747e-01
   7.7300000e+02   4.9492478e-01
   7.7400000e+02   4.9478683e-01
   7.7500000e+02   4.9462878e-01
   7.7600000e+02   4.9442267e-01
   7.7700000e+02   4.9424623e-01
   7.7800000e+02   4.9409922e-01
   7.7900000e+02   4.9399644e-01
   7.8000000e+02   4.9370917e-01
   7.8100000e+02   4.9348960e-01
   7.8200000e+02   4.9340547e-01
   7.8300000e+02   4.9345444e-01
   7.8400000e+02   4.9331064e-01
   7.8500000e+02   4.9308591e-01
   7.8600000e+02   4.9310404e-01
   7.8700000e+02   4.9307685e-01
   7.8800000e+02   4.9298640e-01
   7.8900000e+02   4.9280100e-01
   7.9000000e+02   4.9282123e-01
   7.9100000e+02   4.9282701e-01
   7.9200000e+02   4.9280789e-01
   7.9300000e+02   4.9285483e-01
   7.9400000e+02   4.9280214e-01
   7.9500000e+02   4.9269671e-01
   7.9600000e+02   4.9258090e-01
   7.9700000e+02   4.9257144e-01
   7.9800000e+02   4.9255433e-01
   7.9900000e+02   4.9249838e-01
   8.0000000e+02   4.9248870e-01
   8.0100000e+02   4.9255647e-01
   8.0200000e+02   4.9265995e-01
   8.0300000e+02   4.9267364e-01
   8.0400000e+02   4.9268794e-01
   8.0500000e+02   4.9275137e-01
   8.0600000e+02   4.9290912e-01
   8.0700000e+02   4.9276269e-01
   8.0800000e+02   4.9274661e-01
   8.0900000e+02   4.9286105e-01
   8.1000000e+02   4.9282272e-01
   8.1100000e+02   4.9292839e-01
   8.1200000e+02   4.9303254e-01
   8.1300000e+02   4.9295003e-01
   8.1400000e+02   4.9308844e-01
   8.1500000e+02   4.9324662e-01
   8.1600000e+02   4.9337848e-01
   8.1700000e+02   4.9337466e-01
   8.1800000e+02   4.9342687e-01
   8.1900000e+02   4.9351996e-01
   8.2000000e+02   4.9363498e-01
   8.2100000e+02   4.9365757e-01
   8.2200000e+02   4.9374813e-01
   8.2300000e+02   4.9399097e-01
   8.2400000e+02   4.9394341e-01
   8.2500000e+02   4.9395832e-01
   8.2600000e+02   4.9401353e-01
   8.2700000e+02   4.9396617e-01
   8.2800000e+02   4.9418590e-01
   8.2900000e+02   4.9439431e-01
   8.3000000e+02   4.9437134e-01
   8.3100000e+02   4.9443323e-01
   8.3200000e+02   4.9449468e-01
   8.3300000e+02   4.9454664e-01
   8.3400000e+02   4.9458923e-01
   8.3500000e+02   4.9473058e-01
   8.3600000e+02   4.9487290e-01
   8.3700000e+02   4.9489185e-01
   8.3800000e+02   4.9496396e-01
   8.3900000e+02   4.9504468e-01
   8.4000000e+02   4.9511525e-01
   8.4100000e+02   4.9497924e-01
   8.4200000e+02   4.9508418e-01
   8.4300000e+02   4.9527497e-01
   8.4400000e+02   4.9528258e-01
   8.4500000e+02   4.9538303e-01
   8.4600000e+02   4.9549290e-01
   8.4700000e+02   4.9558724e-01
   8.4800000e+02   4.9571007e-01
   8.4900000e+02   4.9573464e-01
   8.5000000e+02   4.9571051e-01
   8.5100000e+02   4.9573881e-01
   8.5200000e+02   4.9575593e-01
   8.5300000e+02   4.9567536e-01
   8.5400000e+02   4.9547636e-01
   8.5500000e+02   4.9545919e-01
   8.5600000e+02   4.9548261e-01
   8.5700000e+02   4.9555180e-01
   8.5800000e+02   4.9570986e-01
   8.5900000e+02   4.9566668e-01
   8.6000000e+02   4.9561808e-01
   8.6100000e+02   4.9567917e-01
   8.6200000e+02   4.9544847e-01
   8.6300000e+02   4.9551565e-01
   8.6400000e+02   4.9576598e-01
   8.6500000e+02   4.9552004e-01
   8.6600000e+02   4.9554030e-01
   8.6700000e+02   4.9554751e-01
   8.6800000e+02   4.9533782e-01
   8.6900000e+02   4.9561892e-01
   8.7000000e+02   4.9556869e-01
   8.7100000e+02   4.9524147e-01
   8.7200000e+02   4.9526722e-01
   8.7300000e+02   4.9522870e-01
   8.7400000e+02   4.9512684e-01
   8.7500000e+02   4.9494369e-01
   8.7600000e+02   4.9489328e-01
   8.7700000e+02   4.9494070e-01
   8.7800000e+02   4.9504983e-01
   8.7900000e+02   4.9502045e-01
   8.8000000e+02   4.9510858e-01
   8.8100000e+02   4.9517204e-01
   8.8200000e+02   4.9508580e-01
   8.8300000e+02   4.9482407e-01
   8.8400000e+02   4.9466754e-01
   8.8500000e+02   4.9462901e-01
   8.8600000e+02   4.9464544e-01
   8.8700000e+02   4.9453149e-01
   8.8800000e+02   4.9449864e-01
   8.8900000e+02   4.9473453e-01
   8.9000000e+02   4.9447123e-01
   8.9100000e+02   4.9448979e-01
   8.9200000e+02   4.9470088e-01
   8.9300000e+02   4.9435434e-01
   8.9400000e+02   4.9438869e-01
   8.9500000e+02   4.9439724e-01
   8.9600000e+02   4.9409626e-01
   8.9700000e+02   4.9437812e-01
   8.9800000e+02   4.9439654e-01
   8.9900000e+02   4.9420634e-01
   9.0000000e+02   4.9419772e-01
   9.0100000e+02   4.9431952e-01
   9.0200000e+02   4.9447849e-01
   9.0300000e+02   4.9463059e-01
   9.0400000e+02   4.9439969e-01
   9.0500000e+02   4.9442999e-01
   9.0600000e+02   4.9465649e-01
   9.0700000e+02   4.9486035e-01
   9.0800000e+02   4.9451827e-01
   9.0900000e+02   4.9447496e-01
   9.1000000e+02   4.9510323e-01
   9.1100000e+02   4.9470540e-01
   9.1200000e+02   4.9426889e-01
   9.1300000e+02   4.9396785e-01
   9.1400000e+02   4.9423494e-01
   9.1500000e+02   4.9435013e-01
   9.1600000e+02   4.9453316e-01
   9.1700000e+02   4.9480670e-01
   9.1800000e+02   4.9436685e-01
   9.1900000e+02   4.9442029e-01
   9.2000000e+02   4.9461695e-01
   9.2100000e+02   4.9449187e-01
   9.2200000e+02   4.9427986e-01
   9.2300000e+02   4.9423135e-01
   9.2400000e+02   4.9430359e-01
   9.2500000e+02   4.9379354e-01
   9.2600000e+02   4.9351578e-01
   9.2700000e+02   4.9348725e-01
   9.2800000e+02   4.9378607e-01
   9.2900000e+02   4.9297018e-01
   9.3000000e+02   4.9253992e-01
   9.3100000e+02   4.9247582e-01
   9.3200000e+02   4.9231442e-01
   9.3300000e+02   4.9253257e-01
   9.3400000e+02   4.9254728e-01
   9.3500000e+02   4.9205975e-01
   9.3600000e+02   4.9175659e-01
   9.3700000e+02   4.9167334e-01
   9.3800000e+02   4.9157198e-01
   9.3900000e+02   4.9095087e-01
   9.4000000e+02   4.9089123e-01
   9.4100000e+02   4.9077332e-01
   9.4200000e+02   4.9050710e-01
   9.4300000e+02   4.9067283e-01
   9.4400000e+02   4.9007835e-01
   9.4500000e+02   4.8914415e-01
   9.4600000e+02   4.8820648e-01
   9.4700000e+02   4.8819604e-01
   9.4800000e+02   4.8808331e-01
   9.4900000e+02   4.8774252e-01
   9.5000000e+02   4.8697198e-01
   9.5100000e+02   4.8637973e-01
   9.5200000e+02   4.8620256e-01
   9.5300000e+02   4.8654674e-01
   9.5400000e+02   4.8584896e-01
   9.5500000e+02   4.8524257e-01
   9.5600000e+02   4.8476667e-01
   9.5700000e+02   4.8451970e-01
   9.5800000e+02   4.8431286e-01
   9.5900000e+02   4.8395250e-01
   9.6000000e+02   4.8341383e-01
   9.6100000e+02   4.8274381e-01
   9.6200000e+02   4.8284884e-01
   9.6300000e+02   4.8319839e-01
   9.6400000e+02   4.8352136e-01
   9.6500000e+02   4.8247045e-01
   9.6600000e+02   4.8213342e-01
   9.6700000e+02   4.8233128e-01
   9.6800000e+02   4.8279829e-01
   9.6900000e+02   4.8278832e-01
   9.7000000e+02   4.8281017e-01
   9.7100000e+02   4.8296817e-01
   9.7200000e+02   4.8331954e-01
   9.7300000e+02   4.8229847e-01
   9.7400000e+02   4.8152747e-01
   9.7500000e+02   4.8203421e-01
   9.7600000e+02   4.8296283e-01
   9.7700000e+02   4.8325266e-01
   9.7800000e+02   4.8318254e-01
   9.7900000e+02   4.8322189e-01
   9.8000000e+02   4.8225211e-01
   9.8100000e+02   4.8235225e-01
   9.8200000e+02   4.8353046e-01
   9.8300000e+02   4.8385967e-01
   9.8400000e+02   4.8324927e-01
   9.8500000e+02   4.8285831e-01
   9.8600000e+02   4.8326072e-01
   9.8700000e+02   4.8309657e-01
   9.8800000e+02   4.8326368e-01
   9.8900000e+02   4.8330674e-01
   9.9000000e+02   4.8258188e-01
   9.9100000e+02   4.8224305e-01
   9.9200000e+02   4.8172834e-01
   9.9300000e+02   4.8143730e-01
   9.9400000e+02   4.8294256e-01
   9.9500000e+02   4.8216834e-01
   9.9600000e+02   4.8209927e-01
   9.9700000e+02   4.8344931e-01
   9.9800000e+02   4.8333148e-01
   9.9900000e+02   4.8385705e-01
   1.0000000e+03   4.8433598e-01
   1.0010000e+03   4.9510773e-01
   1.0020000e+03   4.9534266e-01
   1.0030000e+03   4.9561066e-01
   1.0040000e+03   4.9542944e-01
   1.0050000e+03   4.9561141e-01
   1.0060000e+03   4.9596890e-01
   1.0070000e+03   4.9630683e-01
   1.0080000e+03   4.9687608e-01
   1.0090000e+03   4.9730990e-01
   1.0100000e+03   4.9754818e-01
   1.0110000e+03   4.9771026e-01
   1.0120000e+03   4.9766037e-01
   1.0130000e+03   4.9762594e-01
   1.0140000e+03   4.9795238e-01
   1.0150000e+03   4.9832847e-01
   1.0160000e+03   4.9849663e-01
   1.0170000e+03   4.9890187e-01
   1.0180000e+03   4.9963614e-01
   1.0190000e+03   5.0039253e-01
   1.0200000e+03   5.0082930e-01
   1.0210000e+03   5.0077100e-01
   1.0220000e+03   5.0080248e-01
   1.0230000e+03   5.0059200e-01
   1.0240000e+03   5.0041266e-01
   1.0250000e+03   5.0068618e-01
   1.0260000e+03   5.0099896e-01
   1.0270000e+03   5.0131281e-01
   1.0280000e+03   5.0176584e-01
   1.0290000e+03   5.0189913e-01
   1.0300000e+03   5.0170354e-01
   1.0310000e+03   5.0191182e-01
   1.0320000e+03   5.0224621e-01
   1.0330000e+03   5.0212528e-01
   1.0340000e+03   5.0216430e-01
   1.0350000e+03   5.0255384e-01
   1.0360000e+03   5.0259207e-01
   1.0370000e+03   5.0244613e-01
   1.0380000e+03   5.0221492e-01
   1.0390000e+03   5.0209176e-01
   1.0400000e+03   5.0261373e-01
   1.0410000e+03   5.0320610e-01
   1.0420000e+03   5.0326614e-01
   1.0430000e+03   5.0319934e-01
   1.0440000e+03   5.0290637e-01
   1.0450000e+03   5.0247527e-01
   1.0460000e+03   5.0280732e-01
   1.0470000e+03   5.0385163e-01
   1.0480000e+03   5.0419866e-01
   1.0490000e+03   5.0347268e-01
   1.0500000e+03   5.0300734e-01
   1.0510000e+03   5.0311662e-01
   1.0520000e+03   5.0324924e-01
   1.0530000e+03   5.0371397e-01
   1.0540000e+03   5.0418208e-01
   1.0550000e+03   5.0366128e-01
   1.0560000e+03   5.0310744e-01
   1.0570000e+03   5.0293481e-01
   1.0580000e+03   5.0279184e-01
   1.0590000e+03   5.0290086e-01
   1.0600000e+03   5.0321753e-01
   1.0610000e+03   5.0317405e-01
   1.0620000e+03   5.0280339e-01
   1.0630000e+03   5.0270501e-01
   1.0640000e+03   5.0282560e-01
   1.0650000e+03   5.0276832e-01
   1.0660000e+03   5.0257325e-01
   1.0670000e+03   5.0241868e-01
   1.0680000e+03   5.0249641e-01
   1.0690000e+03   5.0252562e-01
   1.0700000e+03   5.0210526e-01
   1.0710000e+03   5.0164991e-01
   1.0720000e+03   5.0147946e-01
   1.0730000e+03   5.0142731e-01
   1.0740000e+03   5.0150634e-01
   1.0750000e+03   5.0168107e-01
   1.0760000e+03   5.0144350e-01
   1.0770000e+03   5.0059980e-01
   1.0780000e+03   5.0009852e-01
   1.0790000e+03   5.0062855e-01
   1.0800000e+03   5.0101711e-01
   1.0810000e+03   5.0003762e-01
   1.0820000e+03   4.9907534e-01
   1.0830000e+03   4.9940771e-01
   1.0840000e+03   4.9980559e-01
   1.0850000e+03   4.9949641e-01
   1.0860000e+03   4.9904235e-01
   1.0870000e+03   4.9887252e-01
   1.0880000e+03   4.9882624e-01
   1.0890000e+03   4.9871528e-01
   1.0900000e+03   4.9854990e-01
   1.0910000e+03   4.9825346e-01
   1.0920000e+03   4.9769651e-01
   1.0930000e+03   4.9716564e-01
   1.0940000e+03   4.9694824e-01
   1.0950000e+03   4.9681982e-01
   1.0960000e+03   4.9678944e-01
   1.0970000e+03   4.9675060e-01
   1.0980000e+03   4.9654989e-01
   1.0990000e+03   4.9635842e-01
   1.1000000e+03   4.9575207e-01
   1.1010000e+03   4.9510456e-01
   1.1020000e+03   4.9521452e-01
   1.1030000e+03   4.9560252e-01
   1.1040000e+03   4.9544379e-01
   1.1050000e+03   4.9487764e-01
   1.1060000e+03   4.9442698e-01
   1.1070000e+03   4.9420372e-01
   1.1080000e+03   4.9409800e-01
   1.1090000e+03   4.9394773e-01
   1.1100000e+03   4.9371019e-01
   1.1110000e+03   4.9349256e-01
   1.1120000e+03   4.9329353e-01
   1.1130000e+03   4.9278670e-01
   1.1140000e+03   4.9220840e-01
   1.1150000e+03   4.9218712e-01
   1.1160000e+03   4.9225628e-01
   1.1170000e+03   4.9185478e-01
   1.1180000e+03   4.9140664e-01
   1.1190000e+03   4.9128539e-01
   1.1200000e+03   4.9121265e-01
   1.1210000e+03   4.9088894e-01
   1.1220000e+03   4.9037565e-01
   1.1230000e+03   4.8986246e-01
   1.1240000e+03   4.8922584e-01
   1.1250000e+03   4.8872673e-01
   1.1260000e+03   4.8872917e-01
   1.1270000e+03   4.8863928e-01
   1.1280000e+03   4.8790388e-01
   1.1290000e+03   4.8714946e-01
   1.1300000e+03   4.8686279e-01
   1.1310000e+03   4.8657125e-01
   1.1320000e+03   4.8588980e-01
   1.1330000e+03   4.8528159e-01
   1.1340000e+03   4.8485456e-01
   1.1350000e+03   4.8434109e-01
   1.1360000e+03   4.8382061e-01
   1.1370000e+03   4.8329190e-01
   1.1380000e+03   4.8267974e-01
   1.1390000e+03   4.8222177e-01
   1.1400000e+03   4.8183726e-01
   1.1410000e+03   4.8140131e-01
   1.1420000e+03   4.8092237e-01
   1.1430000e+03   4.8042125e-01
   1.1440000e+03   4.7991170e-01
   1.1450000e+03   4.7929699e-01
   1.1460000e+03   4.7868741e-01
   1.1470000e+03   4.7838948e-01
   1.1480000e+03   4.7814349e-01
   1.1490000e+03   4.7758700e-01
   1.1500000e+03   4.7697330e-01
   1.1510000e+03   4.7676882e-01
   1.1520000e+03   4.7671308e-01
   1.1530000e+03   4.7642847e-01
   1.1540000e+03   4.7604485e-01
   1.1550000e+03   4.7569913e-01
   1.1560000e+03   4.7542538e-01
   1.1570000e+03   4.7524665e-01
   1.1580000e+03   4.7516179e-01
   1.1590000e+03   4.7501792e-01
   1.1600000e+03   4.7482179e-01
   1.1610000e+03   4.7468249e-01
   1.1620000e+03   4.7464694e-01
   1.1630000e+03   4.7464557e-01
   1.1640000e+03   4.7470415e-01
   1.1650000e+03   4.7467365e-01
   1.1660000e+03   4.7454135e-01
   1.1670000e+03   4.7455137e-01
   1.1680000e+03   4.7473742e-01
   1.1690000e+03   4.7483704e-01
   1.1700000e+03   4.7490861e-01
   1.1710000e+03   4.7524948e-01
   1.1720000e+03   4.7559677e-01
   1.1730000e+03   4.7566287e-01
   1.1740000e+03   4.7565318e-01
   1.1750000e+03   4.7578281e-01
   1.1760000e+03   4.7602723e-01
   1.1770000e+03   4.7632985e-01
   1.1780000e+03   4.7656061e-01
   1.1790000e+03   4.7655209e-01
   1.1800000e+03   4.7649718e-01
   1.1810000e+03   4.7681828e-01
   1.1820000e+03   4.7732894e-01
   1.1830000e+03   4.7744606e-01
   1.1840000e+03   4.7739661e-01
   1.1850000e+03   4.7780561e-01
   1.1860000e+03   4.7842653e-01
   1.1870000e+03   4.7856012e-01
   1.1880000e+03   4.7828121e-01
   1.1890000e+03   4.7825113e-01
   1.1900000e+03   4.7872797e-01
   1.1910000e+03   4.7935519e-01
   1.1920000e+03   4.7971823e-01
   1.1930000e+03   4.7974009e-01
   1.1940000e+03   4.7977513e-01
   1.1950000e+03   4.8021805e-01
   1.1960000e+03   4.8083165e-01
   1.1970000e+03   4.8096592e-01
   1.1980000e+03   4.8072652e-01
   1.1990000e+03   4.8094834e-01
   1.2000000e+03   4.8153563e-01
   1.2010000e+03   4.8166862e-01
   1.2020000e+03   4.8169596e-01
   1.2030000e+03   4.8213447e-01
   1.2040000e+03   4.8241741e-01
   1.2050000e+03   4.8235002e-01
   1.2060000e+03   4.8250463e-01
   1.2070000e+03   4.8296396e-01
   1.2080000e+03   4.8315583e-01
   1.2090000e+03   4.8300560e-01
   1.2100000e+03   4.8302577e-01
   1.2110000e+03   4.8342288e-01
   1.2120000e+03   4.8379877e-01
   1.2130000e+03   4.8383402e-01
   1.2140000e+03   4.8376059e-01
   1.2150000e+03   4.8389102e-01
   1.2160000e+03   4.8410936e-01
   1.2170000e+03   4.8413178e-01
   1.2180000e+03   4.8393875e-01
   1.2190000e+03   4.8384414e-01
   1.2200000e+03   4.8410343e-01
   1.2210000e+03   4.8446622e-01
   1.2220000e+03   4.8438329e-01
   1.2230000e+03   4.8391083e-01
   1.2240000e+03   4.8381963e-01
   1.2250000e+03   4.8422891e-01
   1.2260000e+03   4.8438165e-01
   1.2270000e+03   4.8395518e-01
   1.2280000e+03   4.8364964e-01
   1.2290000e+03   4.8397635e-01
   1.2300000e+03   4.8429022e-01
   1.2310000e+03   4.8386973e-01
   1.2320000e+03   4.8326810e-01
   1.2330000e+03   4.8329626e-01
   1.2340000e+03   4.8353431e-01
   1.2350000e+03   4.8322840e-01
   1.2360000e+03   4.8273359e-01
   1.2370000e+03   4.8278048e-01
   1.2380000e+03   4.8287334e-01
   1.2390000e+03   4.8246265e-01
   1.2400000e+03   4.8207835e-01
   1.2410000e+03   4.8211271e-01
   1.2420000e+03   4.8218575e-01
   1.2430000e+03   4.8199007e-01
   1.2440000e+03   4.8176926e-01
   1.2450000e+03   4.8173537e-01
   1.2460000e+03   4.8166193e-01
   1.2470000e+03   4.8133065e-01
   1.2480000e+03   4.8091871e-01
   1.2490000e+03   4.8076549e-01
   1.2500000e+03   4.8084138e-01
   1.2510000e+03   4.8077593e-01
   1.2520000e+03   4.8050609e-01
   1.2530000e+03   4.8023687e-01
   1.2540000e+03   4.8013625e-01
   1.2550000e+03   4.8017058e-01
   1.2560000e+03   4.7996989e-01
   1.2570000e+03   4.7962320e-01
   1.2580000e+03   4.7953280e-01
   1.2590000e+03   4.7961970e-01
   1.2600000e+03   4.7946024e-01
   1.2610000e+03   4.7906354e-01
   1.2620000e+03   4.7887427e-01
   1.2630000e+03   4.7890567e-01
   1.2640000e+03   4.7875285e-01
   1.2650000e+03   4.7837610e-01
   1.2660000e+03   4.7816579e-01
   1.2670000e+03   4.7820329e-01
   1.2680000e+03   4.7809352e-01
   1.2690000e+03   4.7766489e-01
   1.2700000e+03   4.7733193e-01
   1.2710000e+03   4.7735790e-01
   1.2720000e+03   4.7734059e-01
   1.2730000e+03   4.7688761e-01
   1.2740000e+03   4.7632096e-01
   1.2750000e+03   4.7609438e-01
   1.2760000e+03   4.7613789e-01
   1.2770000e+03   4.7603756e-01
   1.2780000e+03   4.7559070e-01
   1.2790000e+03   4.7511865e-01
   1.2800000e+03   4.7500257e-01
   1.2810000e+03   4.7496459e-01
   1.2820000e+03   4.7459218e-01
   1.2830000e+03   4.7409768e-01
   1.2840000e+03   4.7373583e-01
   1.2850000e+03   4.7346803e-01
   1.2860000e+03   4.7313523e-01
   1.2870000e+03   4.7269743e-01
   1.2880000e+03   4.7222915e-01
   1.2890000e+03   4.7183657e-01
   1.2900000e+03   4.7144389e-01
   1.2910000e+03   4.7095949e-01
   1.2920000e+03   4.7046299e-01
   1.2930000e+03   4.7005934e-01
   1.2940000e+03   4.6973345e-01
   1.2950000e+03   4.6927869e-01
   1.2960000e+03   4.6862911e-01
   1.2970000e+03   4.6815206e-01
   1.2980000e+03   4.6787616e-01
   1.2990000e+03   4.6732063e-01
   1.3000000e+03   4.6655486e-01
   1.3010000e+03   4.6614183e-01
   1.3020000e+03   4.6587207e-01
   1.3030000e+03   4.6519874e-01
   1.3040000e+03   4.6443733e-01
   1.3050000e+03   4.6390762e-01
   1.3060000e+03   4.6341743e-01
   1.3070000e+03   4.6277015e-01
   1.3080000e+03   4.6210654e-01
   1.3090000e+03   4.6150769e-01
   1.3100000e+03   4.6090714e-01
   1.3110000e+03   4.6031169e-01
   1.3120000e+03   4.5971760e-01
   1.3130000e+03   4.5900258e-01
   1.3140000e+03   4.5827125e-01
   1.3150000e+03   4.5759709e-01
   1.3160000e+03   4.5685449e-01
   1.3170000e+03   4.5601889e-01
   1.3180000e+03   4.5530923e-01
   1.3190000e+03   4.5472060e-01
   1.3200000e+03   4.5397036e-01
   1.3210000e+03   4.5304586e-01
   1.3220000e+03   4.5224738e-01
   1.3230000e+03   4.5159721e-01
   1.3240000e+03   4.5082664e-01
   1.3250000e+03   4.4992727e-01
   1.3260000e+03   4.4906025e-01
   1.3270000e+03   4.4832019e-01
   1.3280000e+03   4.4759970e-01
   1.3290000e+03   4.4676009e-01
   1.3300000e+03   4.4587281e-01
   1.3310000e+03   4.4506302e-01
   1.3320000e+03   4.4434419e-01
   1.3330000e+03   4.4357199e-01
   1.3340000e+03   4.4264349e-01
   1.3350000e+03   4.4172005e-01
   1.3360000e+03   4.4095669e-01
   1.3370000e+03   4.4020666e-01
   1.3380000e+03   4.3947972e-01
   1.3390000e+03   4.3880304e-01
   1.3400000e+03   4.3807150e-01
   1.3410000e+03   4.3723203e-01
   1.3420000e+03   4.3636900e-01
   1.3430000e+03   4.3560406e-01
   1.3440000e+03   4.3497468e-01
   1.3450000e+03   4.3429434e-01
   1.3460000e+03   4.3350449e-01
   1.3470000e+03   4.3276008e-01
   1.3480000e+03   4.3205505e-01
   1.3490000e+03   4.3136570e-01
   1.3500000e+03   4.3064067e-01
   1.3510000e+03   4.2989966e-01
   1.3520000e+03   4.2914705e-01
   1.3530000e+03   4.2830172e-01
   1.3540000e+03   4.2744473e-01
   1.3550000e+03   4.2654201e-01
   1.3560000e+03   4.2560259e-01
   1.3570000e+03   4.2474306e-01
   1.3580000e+03   4.2392443e-01
   1.3590000e+03   4.2277904e-01
   1.3600000e+03   4.2145816e-01
   1.3610000e+03   4.2026182e-01
   1.3620000e+03   4.1923304e-01
   1.3630000e+03   4.1785178e-01
   1.3640000e+03   4.1606948e-01
   1.3650000e+03   4.1435084e-01
   1.3660000e+03   4.1298982e-01
   1.3670000e+03   4.1135261e-01
   1.3680000e+03   4.0908825e-01
   1.3690000e+03   4.0681106e-01
   1.3700000e+03   4.0506077e-01
   1.3710000e+03   4.0314332e-01
   1.3720000e+03   4.0019870e-01
   1.3730000e+03   3.9714130e-01
   1.3740000e+03   3.9486997e-01
   1.3750000e+03   3.9253505e-01
   1.3760000e+03   3.8905673e-01
   1.3770000e+03   3.8545794e-01
   1.3780000e+03   3.8257450e-01
   1.3790000e+03   3.7966967e-01
   1.3800000e+03   3.7586866e-01
   1.3810000e+03   3.7177572e-01
   1.3820000e+03   3.6800615e-01
   1.3830000e+03   3.6427749e-01
   1.3840000e+03   3.6025833e-01
   1.3850000e+03   3.5595736e-01
   1.3860000e+03   3.5178211e-01
   1.3870000e+03   3.4761515e-01
   1.3880000e+03   3.4314361e-01
   1.3890000e+03   3.3829448e-01
   1.3900000e+03   3.3342481e-01
   1.3910000e+03   3.2863786e-01
   1.3920000e+03   3.2415131e-01
   1.3930000e+03   3.1945868e-01
   1.3940000e+03   3.1427166e-01
   1.3950000e+03   3.0898737e-01
   1.3960000e+03   3.0410109e-01
   1.3970000e+03   2.9935939e-01
   1.3980000e+03   2.9427344e-01
   1.3990000e+03   2.8920096e-01
   1.4000000e+03   2.8453273e-01
   1.4010000e+03   2.8023683e-01
   1.4020000e+03   2.7538558e-01
   1.4030000e+03   2.7059942e-01
   1.4040000e+03   2.6612669e-01
   1.4050000e+03   2.6221784e-01
   1.4060000e+03   2.5798805e-01
   1.4070000e+03   2.5374595e-01
   1.4080000e+03   2.4963874e-01
   1.4090000e+03   2.4651685e-01
   1.4100000e+03   2.4330118e-01
   1.4110000e+03   2.3991507e-01
   1.4120000e+03   2.3653117e-01
   1.4130000e+03   2.3381289e-01
   1.4140000e+03   2.3104413e-01
   1.4150000e+03   2.2853410e-01
   1.4160000e+03   2.2630013e-01
   1.4170000e+03   2.2425969e-01
   1.4180000e+03   2.2187453e-01
   1.4190000e+03   2.2037123e-01
   1.4200000e+03   2.1963208e-01
   1.4210000e+03   2.1807607e-01
   1.4220000e+03   2.1573181e-01
   1.4230000e+03   2.1455272e-01
   1.4240000e+03   2.1434112e-01
   1.4250000e+03   2.1330553e-01
   1.4260000e+03   2.1165859e-01
   1.4270000e+03   2.1094608e-01
   1.4280000e+03   2.1110400e-01
   1.4290000e+03   2.1062757e-01
   1.4300000e+03   2.0944023e-01
   1.4310000e+03   2.0873440e-01
   1.4320000e+03   2.0870741e-01
   1.4330000e+03   2.0847895e-01
   1.4340000e+03   2.0808838e-01
   1.4350000e+03   2.0784964e-01
   1.4360000e+03   2.0776623e-01
   1.4370000e+03   2.0753316e-01
   1.4380000e+03   2.0705706e-01
   1.4390000e+03   2.0675854e-01
   1.4400000e+03   2.0707457e-01
   1.4410000e+03   2.0730115e-01
   1.4420000e+03   2.0704225e-01
   1.4430000e+03   2.0685770e-01
   1.4440000e+03   2.0730687e-01
   1.4450000e+03   2.0772812e-01
   1.4460000e+03   2.0771662e-01
   1.4470000e+03   2.0778905e-01
   1.4480000e+03   2.0791061e-01
   1.4490000e+03   2.0792013e-01
   1.4500000e+03   2.0839190e-01
   1.4510000e+03   2.0900141e-01
   1.4520000e+03   2.0926735e-01
   1.4530000e+03   2.0943476e-01
   1.4540000e+03   2.1033318e-01
   1.4550000e+03   2.1162425e-01
   1.4560000e+03   2.1202462e-01
   1.4570000e+03   2.1173800e-01
   1.4580000e+03   2.1236214e-01
   1.4590000e+03   2.1387325e-01
   1.4600000e+03   2.1493222e-01
   1.4610000e+03   2.1544763e-01
   1.4620000e+03   2.1623036e-01
   1.4630000e+03   2.1742380e-01
   1.4640000e+03   2.1847007e-01
   1.4650000e+03   2.1933717e-01
   1.4660000e+03   2.2033123e-01
   1.4670000e+03   2.2149499e-01
   1.4680000e+03   2.2261670e-01
   1.4690000e+03   2.2388989e-01
   1.4700000e+03   2.2529413e-01
   1.4710000e+03   2.2653474e-01
   1.4720000e+03   2.2769274e-01
   1.4730000e+03   2.2920370e-01
   1.4740000e+03   2.3076187e-01
   1.4750000e+03   2.3199115e-01
   1.4760000e+03   2.3315582e-01
   1.4770000e+03   2.3493028e-01
   1.4780000e+03   2.3684963e-01
   1.4790000e+03   2.3821108e-01
   1.4800000e+03   2.3935940e-01
   1.4810000e+03   2.4132734e-01
   1.4820000e+03   2.4360151e-01
   1.4830000e+03   2.4535600e-01
   1.4840000e+03   2.4678856e-01
   1.4850000e+03   2.4790793e-01
   1.4860000e+03   2.4919987e-01
   1.4870000e+03   2.5148812e-01
   1.4880000e+03   2.5378975e-01
   1.4890000e+03   2.5502207e-01
   1.4900000e+03   2.5614507e-01
   1.4910000e+03   2.5841477e-01
   1.4920000e+03   2.6095055e-01
   1.4930000e+03   2.6233022e-01
   1.4940000e+03   2.6329099e-01
   1.4950000e+03   2.6532050e-01
   1.4960000e+03   2.6768904e-01
   1.4970000e+03   2.6906172e-01
   1.4980000e+03   2.7016647e-01
   1.4990000e+03   2.7220972e-01
   1.5000000e+03   2.7456903e-01
   1.5010000e+03   2.7615397e-01
   1.5020000e+03   2.7750304e-01
   1.5030000e+03   2.7958578e-01
   1.5040000e+03   2.8185547e-01
   1.5050000e+03   2.8342759e-01
   1.5060000e+03   2.8478785e-01
   1.5070000e+03   2.8663160e-01
   1.5080000e+03   2.8870119e-01
   1.5090000e+03   2.9049644e-01
   1.5100000e+03   2.9212298e-01
   1.5110000e+03   2.9386025e-01
   1.5120000e+03   2.9572038e-01
   1.5130000e+03   2.9758068e-01
   1.5140000e+03   2.9932806e-01
   1.5150000e+03   3.0097581e-01
   1.5160000e+03   3.0268357e-01
   1.5170000e+03   3.0451726e-01
   1.5180000e+03   3.0655829e-01
   1.5190000e+03   3.0848267e-01
   1.5200000e+03   3.1021986e-01
   1.5210000e+03   3.1197091e-01
   1.5220000e+03   3.1349312e-01
   1.5230000e+03   3.1500080e-01
   1.5240000e+03   3.1710527e-01
   1.5250000e+03   3.1927387e-01
   1.5260000e+03   3.2106896e-01
   1.5270000e+03   3.2276389e-01
   1.5280000e+03   3.2432151e-01
   1.5290000e+03   3.2590925e-01
   1.5300000e+03   3.2795134e-01
   1.5310000e+03   3.2998402e-01
   1.5320000e+03   3.3149416e-01
   1.5330000e+03   3.3296011e-01
   1.5340000e+03   3.3484544e-01
   1.5350000e+03   3.3679887e-01
   1.5360000e+03   3.3837909e-01
   1.5370000e+03   3.3987485e-01
   1.5380000e+03   3.4166236e-01
   1.5390000e+03   3.4356101e-01
   1.5400000e+03   3.4527862e-01
   1.5410000e+03   3.4687038e-01
   1.5420000e+03   3.4849780e-01
   1.5430000e+03   3.5018235e-01
   1.5440000e+03   3.5161006e-01
   1.5450000e+03   3.5281213e-01
   1.5460000e+03   3.5436669e-01
   1.5470000e+03   3.5630454e-01
   1.5480000e+03   3.5805553e-01
   1.5490000e+03   3.5942417e-01
   1.5500000e+03   3.6068439e-01
   1.5510000e+03   3.6209979e-01
   1.5520000e+03   3.6360012e-01
   1.5530000e+03   3.6494929e-01
   1.5540000e+03   3.6621771e-01
   1.5550000e+03   3.6773880e-01
   1.5560000e+03   3.6933673e-01
   1.5570000e+03   3.7069403e-01
   1.5580000e+03   3.7195785e-01
   1.5590000e+03   3.7323451e-01
   1.5600000e+03   3.7455261e-01
   1.5610000e+03   3.7580628e-01
   1.5620000e+03   3.7705749e-01
   1.5630000e+03   3.7837162e-01
   1.5640000e+03   3.7959494e-01
   1.5650000e+03   3.8088255e-01
   1.5660000e+03   3.8220875e-01
   1.5670000e+03   3.8313957e-01
   1.5680000e+03   3.8408491e-01
   1.5690000e+03   3.8555054e-01
   1.5700000e+03   3.8700277e-01
   1.5710000e+03   3.8804601e-01
   1.5720000e+03   3.8903616e-01
   1.5730000e+03   3.8999473e-01
   1.5740000e+03   3.9097202e-01
   1.5750000e+03   3.9170904e-01
   1.5760000e+03   3.9242057e-01
   1.5770000e+03   3.9357909e-01
   1.5780000e+03   3.9476902e-01
   1.5790000e+03   3.9538350e-01
   1.5800000e+03   3.9597082e-01
   1.5810000e+03   3.9723189e-01
   1.5820000e+03   3.9845622e-01
   1.5830000e+03   3.9863325e-01
   1.5840000e+03   3.9886758e-01
   1.5850000e+03   4.0012921e-01
   1.5860000e+03   4.0130173e-01
   1.5870000e+03   4.0142130e-01
   1.5880000e+03   4.0155898e-01
   1.5890000e+03   4.0229921e-01
   1.5900000e+03   4.0305028e-01
   1.5910000e+03   4.0352752e-01
   1.5920000e+03   4.0394859e-01
   1.5930000e+03   4.0416949e-01
   1.5940000e+03   4.0438742e-01
   1.5950000e+03   4.0482219e-01
   1.5960000e+03   4.0528888e-01
   1.5970000e+03   4.0547723e-01
   1.5980000e+03   4.0561826e-01
   1.5990000e+03   4.0592244e-01
   1.6000000e+03   4.0617033e-01
   1.6010000e+03   4.0616159e-01
   1.6020000e+03   4.0631228e-01
   1.6030000e+03   4.0659196e-01
   1.6040000e+03   4.0656836e-01
   1.6050000e+03   4.0655958e-01
   1.6060000e+03   4.0694621e-01
   1.6070000e+03   4.0700737e-01
   1.6080000e+03   4.0661367e-01
   1.6090000e+03   4.0650892e-01
   1.6100000e+03   4.0678050e-01
   1.6110000e+03   4.0658801e-01
   1.6120000e+03   4.0609310e-01
   1.6130000e+03   4.0632937e-01
   1.6140000e+03   4.0680210e-01
   1.6150000e+03   4.0646050e-01
   1.6160000e+03   4.0590076e-01
   1.6170000e+03   4.0611863e-01
   1.6180000e+03   4.0652064e-01
   1.6190000e+03   4.0629989e-01
   1.6200000e+03   4.0598019e-01
   1.6210000e+03   4.0590716e-01
   1.6220000e+03   4.0582085e-01
   1.6230000e+03   4.0570995e-01
   1.6240000e+03   4.0569726e-01
   1.6250000e+03   4.0572384e-01
   1.6260000e+03   4.0561236e-01
   1.6270000e+03   4.0550920e-01
   1.6280000e+03   4.0557533e-01
   1.6290000e+03   4.0548714e-01
   1.6300000e+03   4.0517732e-01
   1.6310000e+03   4.0492349e-01
   1.6320000e+03   4.0487499e-01
   1.6330000e+03   4.0500915e-01
   1.6340000e+03   4.0504081e-01
   1.6350000e+03   4.0471369e-01
   1.6360000e+03   4.0437157e-01
   1.6370000e+03   4.0464621e-01
   1.6380000e+03   4.0504504e-01
   1.6390000e+03   4.0468466e-01
   1.6400000e+03   4.0412652e-01
   1.6410000e+03   4.0452155e-01
   1.6420000e+03   4.0523200e-01
   1.6430000e+03   4.0450336e-01
   1.6440000e+03   4.0327886e-01
   1.6450000e+03   4.0398394e-01
   1.6460000e+03   4.0532992e-01
   1.6470000e+03   4.0475579e-01
   1.6480000e+03   4.0349847e-01
   1.6490000e+03   4.0383515e-01
   1.6500000e+03   4.0481456e-01
   1.6510000e+03   4.0447564e-01
   1.6520000e+03   4.0359792e-01
   1.6530000e+03   4.0384989e-01
   1.6540000e+03   4.0458455e-01
   1.6550000e+03   4.0391748e-01
   1.6560000e+03   4.0276631e-01
   1.6570000e+03   4.0358370e-01
   1.6580000e+03   4.0475888e-01
   1.6590000e+03   4.0387484e-01
   1.6600000e+03   4.0282960e-01
   1.6610000e+03   4.0350807e-01
   1.6620000e+03   4.0414435e-01
   1.6630000e+03   4.0330700e-01
   1.6640000e+03   4.0257714e-01
   1.6650000e+03   4.0336708e-01
   1.6660000e+03   4.0447768e-01
   1.6670000e+03   4.0427270e-01
   1.6680000e+03   4.0342364e-01
   1.6690000e+03   4.0341252e-01
   1.6700000e+03   4.0381894e-01
   1.6710000e+03   4.0407776e-01
   1.6720000e+03   4.0437744e-01
   1.6730000e+03   4.0444951e-01
   1.6740000e+03   4.0432089e-01
   1.6750000e+03   4.0443614e-01
   1.6760000e+03   4.0485687e-01
   1.6770000e+03   4.0522830e-01
   1.6780000e+03   4.0518527e-01
   1.6790000e+03   4.0508102e-01
   1.6800000e+03   4.0529582e-01
   1.6810000e+03   4.0575223e-01
   1.6820000e+03   4.0623398e-01
   1.6830000e+03   4.0635665e-01
   1.6840000e+03   4.0631875e-01
   1.6850000e+03   4.0672196e-01
   1.6860000e+03   4.0723717e-01
   1.6870000e+03   4.0724883e-01
   1.6880000e+03   4.0715453e-01
   1.6890000e+03   4.0751685e-01
   1.6900000e+03   4.0771887e-01
   1.6910000e+03   4.0708475e-01
   1.6920000e+03   4.0707192e-01
   1.6930000e+03   4.0863166e-01
   1.6940000e+03   4.0954542e-01
   1.6950000e+03   4.0862171e-01
   1.6960000e+03   4.0848336e-01
   1.6970000e+03   4.1024209e-01
   1.6980000e+03   4.1097731e-01
   1.6990000e+03   4.0986084e-01
   1.7000000e+03   4.0987368e-01
   1.7010000e+03   4.1105872e-01
   1.7020000e+03   4.1097608e-01
   1.7030000e+03   4.0994100e-01
   1.7040000e+03   4.0989753e-01
   1.7050000e+03   4.1088994e-01
   1.7060000e+03   4.1108983e-01
   1.7070000e+03   4.0975135e-01
   1.7080000e+03   4.0902264e-01
   1.7090000e+03   4.0986034e-01
   1.7100000e+03   4.1027893e-01
   1.7110000e+03   4.0993917e-01
   1.7120000e+03   4.1004355e-01
   1.7130000e+03   4.0917767e-01
   1.7140000e+03   4.0774300e-01
   1.7150000e+03   4.0776076e-01
   1.7160000e+03   4.0814154e-01
   1.7170000e+03   4.0782945e-01
   1.7180000e+03   4.0707358e-01
   1.7190000e+03   4.0591468e-01
   1.7200000e+03   4.0552798e-01
   1.7210000e+03   4.0723527e-01
   1.7220000e+03   4.0821185e-01
   1.7230000e+03   4.0533704e-01
   1.7240000e+03   4.0279801e-01
   1.7250000e+03   4.0472907e-01
   1.7260000e+03   4.0629731e-01
   1.7270000e+03   4.0355383e-01
   1.7280000e+03   4.0123967e-01
   1.7290000e+03   4.0253879e-01
   1.7300000e+03   4.0364877e-01
   1.7310000e+03   4.0205453e-01
   1.7320000e+03   3.9962902e-01
   1.7330000e+03   3.9824684e-01
   1.7340000e+03   3.9863542e-01
   1.7350000e+03   3.9871852e-01
   1.7360000e+03   3.9652382e-01
   1.7370000e+03   3.9527921e-01
   1.7380000e+03   3.9689235e-01
   1.7390000e+03   3.9782353e-01
   1.7400000e+03   3.9537247e-01
   1.7410000e+03   3.9307218e-01
   1.7420000e+03   3.9407277e-01
   1.7430000e+03   3.9476508e-01
   1.7440000e+03   3.9286992e-01
   1.7450000e+03   3.9182631e-01
   1.7460000e+03   3.9230041e-01
   1.7470000e+03   3.9076897e-01
   1.7480000e+03   3.8835410e-01
   1.7490000e+03   3.8931799e-01
   1.7500000e+03   3.9100774e-01
   1.7510000e+03   3.8880168e-01
   1.7520000e+03   3.8722515e-01
   1.7530000e+03   3.9048238e-01
   1.7540000e+03   3.9015399e-01
   1.7550000e+03   3.8417859e-01
   1.7560000e+03   3.8379264e-01
   1.7570000e+03   3.8803204e-01
   1.7580000e+03   3.8596150e-01
   1.7590000e+03   3.8012165e-01
   1.7600000e+03   3.8052139e-01
   1.7610000e+03   3.8270018e-01
   1.7620000e+03   3.8113447e-01
   1.7630000e+03   3.8090079e-01
   1.7640000e+03   3.8094062e-01
   1.7650000e+03   3.7909698e-01
   1.7660000e+03   3.7724942e-01
   1.7670000e+03   3.7525818e-01
   1.7680000e+03   3.7382149e-01
   1.7690000e+03   3.7316375e-01
   1.7700000e+03   3.7570982e-01
   1.7710000e+03   3.7899787e-01
   1.7720000e+03   3.7632527e-01
   1.7730000e+03   3.7160357e-01
   1.7740000e+03   3.6969106e-01
   1.7750000e+03   3.7272416e-01
   1.7760000e+03   3.7433602e-01
   1.7770000e+03   3.6675531e-01
   1.7780000e+03   3.6223723e-01
   1.7790000e+03   3.6780835e-01
   1.7800000e+03   3.6890516e-01
   1.7810000e+03   3.6233509e-01
   1.7820000e+03   3.6145415e-01
   1.7830000e+03   3.6727255e-01
   1.7840000e+03   3.6856749e-01
   1.7850000e+03   3.6335554e-01
   1.7860000e+03   3.6031491e-01
   1.7870000e+03   3.6255475e-01
   1.7880000e+03   3.6581667e-01
   1.7890000e+03   3.6625373e-01
   1.7900000e+03   3.6506854e-01
   1.7910000e+03   3.6464456e-01
   1.7920000e+03   3.6503934e-01
   1.7930000e+03   3.6286733e-01
   1.7940000e+03   3.5733353e-01
   1.7950000e+03   3.5664851e-01
   1.7960000e+03   3.6035602e-01
   1.7970000e+03   3.6262835e-01
   1.7980000e+03   3.6546901e-01
   1.7990000e+03   3.6426902e-01
